151
  1 I   1 0.0000000 0.0730871 0.0000000 0.1181308 0.4377150 0.0000000 0.0000000 0.0000000 0.0731500 0.0000000 0.0795397 0.0000000 0.0000000 0.0754559 0.0000000 0.0000000 0.0722663 0.0000000 0.0706552 0.0000000
  2 K   2 0.0066202 0.1195364 0.0165449 0.0198390 0.0239103 0.0329036 0.0000000 0.0366274 0.0437892 0.0156742 0.0613459 0.0540699 0.0487332 0.0529072 0.0427182 0.0370114 0.0203977 0.0613067 0.2127173 0.0933474
  3 S   3 0.0019110 0.0118893 0.0023533 0.0150715 0.0216778 0.0135856 0.0005841 0.0050960 0.0217880 0.0108430 0.1247133 0.0581747 0.0329262 0.0626861 0.0491349 0.0716795 0.0087313 0.0723294 0.2619529 0.1528720
  4 A   4 0.0150997 0.0166455 0.0018507 0.0202317 0.0122629 0.0357039 0.0000000 0.0010649 0.5879815 0.1513057 0.0192568 0.0246660 0.0020660 0.0023036 0.0038830 0.0068562 0.0004671 0.0722300 0.0138633 0.0122614
  5 L   5 0.0333731 0.0209616 0.0456526 0.1270991 0.1015901 0.1477045 0.0196182 0.1873438 0.0616170 0.0024045 0.0623301 0.0210767 0.0220370 0.0075129 0.0077438 0.0005368 0.0132404 0.0591550 0.0590029 0.0000000
  6 L   6 0.0000000 0.0046025 0.0349096 0.0798155 0.8287715 0.0298366 0.0008501 0.0000000 0.0011344 0.0000000 0.0106183 0.0031170 0.0037834 0.0000000 0.0000000 0.0000000 0.0007342 0.0000000 0.0000000 0.0018268
  7 V   7 0.0041533 0.0186934 0.0059145 0.1657145 0.1228073 0.3327796 0.0000000 0.0493107 0.1377082 0.0306424 0.0340447 0.0105702 0.0117666 0.0011320 0.0338635 0.0010963 0.0281319 0.0051140 0.0065568 0.0000000
  8 L   8 0.0026106 0.0042627 0.0555463 0.0351124 0.8573290 0.0038296 0.0029393 0.0015004 0.0005531 0.0000000 0.0144099 0.0105233 0.0006104 0.0045728 0.0005678 0.0000000 0.0036333 0.0000000 0.0000000 0.0019990
  9 E   9 0.0117871 0.0008830 0.0000000 0.0021470 0.0005948 0.0077487 0.0000000 0.0006936 0.1898266 0.0082874 0.0040320 0.0669815 0.0585164 0.0099750 0.5147791 0.0460213 0.0043647 0.0120440 0.0500471 0.0112708
 10 D  10 0.0010547 0.0038733 0.0000000 0.0000000 0.0168533 0.0007166 0.0000000 0.0010411 0.0014159 0.0236739 0.0356933 0.0345713 0.0000000 0.1397524 0.0087145 0.7277956 0.0007145 0.0008950 0.0023530 0.0008816
 11 G  11 0.0000000 0.0011353 0.0000000 0.0000000 0.0017135 0.0082413 0.0000000 0.0006108 0.0085985 0.9378890 0.0006256 0.0050669 0.0028673 0.0061920 0.0108082 0.0040496 0.0006856 0.0031388 0.0083775 0.0000000
 12 T  12 0.0016992 0.0164981 0.0060006 0.0131242 0.0211386 0.0139706 0.0007633 0.0044663 0.0265423 0.0127913 0.4013646 0.1892485 0.0319955 0.0114676 0.0655741 0.0210175 0.0266897 0.0837641 0.0338230 0.0180609
 13 Q  13 0.0205070 0.0091199 0.0457140 0.2025289 0.0460396 0.3276942 0.0041690 0.0290470 0.0378570 0.0006144 0.0664979 0.0551220 0.0250577 0.0026010 0.0453075 0.0000000 0.0094966 0.0478043 0.0218485 0.0029736
 14 F  14 0.0040001 0.0178879 0.6032931 0.0517405 0.0892649 0.0275756 0.0311929 0.1499054 0.0057936 0.0000000 0.0044092 0.0040667 0.0013708 0.0005633 0.0011738 0.0000000 0.0066173 0.0005833 0.0005618 0.0000000
 15 H  15 0.0047128 0.0023658 0.0269027 0.0179521 0.0222195 0.0303566 0.0366603 0.0690583 0.0319533 0.0044416 0.0709740 0.0607125 0.0564234 0.0198951 0.2157847 0.0138714 0.0666556 0.0959186 0.1052775 0.0478644
 16 G  16 0.0078187 0.0000000 0.0000000 0.0013460 0.0030124 0.0000000 0.0000000 0.0000000 0.0627684 0.9202048 0.0000000 0.0048498 0.0000000 0.0000000 0.0000000 0.0000000 0.0000000 0.0000000 0.0000000 0.0000000
 17 R  17 0.0063132 0.0077895 0.0544149 0.0469766 0.0357249 0.0428464 0.0333305 0.1006509 0.0111413 0.0033536 0.0786114 0.0193168 0.0444177 0.0268938 0.1221950 0.0207440 0.0208103 0.1332447 0.1907198 0.0005047
 18 A  18 0.0095991 0.0061517 0.0112586 0.0221820 0.0481341 0.0181730 0.0199771 0.0014482 0.2007294 0.2178448 0.0117108 0.3705422 0.0027596 0.0070190 0.0033683 0.0000000 0.0047451 0.0119922 0.0051836 0.0271814
 19 I  19 0.0154453 0.0048409 0.5613341 0.1397726 0.0658534 0.0582238 0.0057779 0.0473197 0.0273782 0.0009741 0.0091803 0.0058665 0.0014145 0.0124419 0.0023624 0.0029818 0.0101158 0.0163172 0.0036891 0.0087105
 20 G  20 0.0021239 0.0008363 0.0101615 0.0041656 0.0095769 0.0057005 0.0014939 0.0008840 0.0205911 0.8823840 0.0073296 0.0218706 0.0013668 0.0166467 0.0051710 0.0021655 0.0013423 0.0048415 0.0013482 0.0000000
 21 A  21 0.0068183 0.0020231 0.0195521 0.0189643 0.0098749 0.0357944 0.0084464 0.0615189 0.5038987 0.0276163 0.0140716 0.0895183 0.0109189 0.0116556 0.0225041 0.0232038 0.0329694 0.0074047 0.0646672 0.0285790
 22 T  22 0.0127619 0.0037905 0.0149664 0.0556805 0.0349560 0.0395135 0.0030147 0.0074856 0.0548477 0.0163982 0.0904970 0.0858285 0.0564419 0.0452239 0.1798462 0.0806831 0.0140770 0.0384747 0.0605419 0.1049708
 23 G  23 0.0046723 0.0015728 0.0065639 0.0235420 0.0110634 0.0443896 0.0000000 0.0015305 0.0545947 0.4840246 0.0675351 0.0512209 0.0164903 0.0221657 0.0341221 0.0151976 0.0072219 0.0386016 0.0946157 0.0208753
 24 S  24 0.0057877 0.0043607 0.0191213 0.0605062 0.0198863 0.0442037 0.0019733 0.0132755 0.0307149 0.0208191 0.1912139 0.1510528 0.0399394 0.0453361 0.1730671 0.0547391 0.0115715 0.0308241 0.0396227 0.0419848
 25 A  25 0.0242745 0.0081041 0.0057298 0.0754694 0.0056593 0.1622557 0.0000000 0.0054104 0.1941982 0.0284493 0.2319473 0.1200212 0.0214918 0.0084375 0.0051149 0.0041173 0.0113041 0.0441699 0.0383266 0.0055184
 26 V  26 0.0144493 0.0089423 0.0951272 0.0835807 0.0749905 0.1934164 0.0200878 0.0343940 0.0992173 0.0232679 0.1327008 0.1192544 0.0160845 0.0054303 0.0326905 0.0132108 0.0058786 0.0165716 0.0074875 0.0032177
 27 G  27 0.0053735 0.0000000 0.0014488 0.0000000 0.0000000 0.0006640 0.0000000 0.0000000 0.0538879 0.9011225 0.0103049 0.0071253 0.0014740 0.0043000 0.0029827 0.0051789 0.0036204 0.0025172 0.0000000 0.0000000
 28 E  28 0.0000000 0.0036316 0.0000000 0.0000000 0.0029454 0.0044282 0.0028249 0.0000000 0.0013641 0.0023719 0.0016575 0.0014960 0.0111905 0.0041487 0.9272050 0.0112943 0.0011569 0.0073937 0.0057659 0.0111252
 29 V  29 0.0156882 0.0091969 0.0038398 0.1606602 0.2568808 0.4246032 0.0000000 0.0000000 0.0993924 0.0033024 0.0159685 0.0046392 0.0000000 0.0000000 0.0011429 0.0000000 0.0000000 0.0000000 0.0036285 0.0010569
 30 V  30 0.1532094 0.0015614 0.0011382 0.0577545 0.0021574 0.7094070 0.0000000 0.0053701 0.0349652 0.0008808 0.0150278 0.0081654 0.0000000 0.0000000 0.0000000 0.0020441 0.0000000 0.0062602 0.0020585 0.0000000
 31 F  31 0.0012893 0.0021586 0.8993449 0.0295210 0.0152278 0.0201287 0.0000000 0.0043411 0.0035685 0.0011874 0.0010054 0.0044610 0.0000000 0.0000000 0.0000000 0.0000000 0.0112472 0.0000000 0.0000000 0.0065191
 32 N  32 0.0078547 0.0000000 0.0150884 0.0025721 0.0133692 0.0064244 0.0000000 0.0269947 0.0296508 0.0007271 0.1709199 0.0622455 0.0610550 0.5624120 0.0067934 0.0095414 0.0106446 0.0028887 0.0108181 0.0000000
 33 T  33 0.0053404 0.0005367 0.0107705 0.0049554 0.0016951 0.0063195 0.0000000 0.0018206 0.0046543 0.0000000 0.9130430 0.0185608 0.0000000 0.0079830 0.0035677 0.0000000 0.0026887 0.0035776 0.0144868 0.0000000
 34 S  34 0.0062431 0.0000000 0.0000000 0.0049467 0.0022775 0.0130797 0.0000000 0.0000000 0.1937639 0.3869691 0.0126641 0.3370236 0.0069888 0.0223390 0.0035168 0.0071364 0.0000000 0.0000000 0.0000000 0.0030513
 35 M  35 0.0011307 0.6886859 0.0069262 0.0496473 0.0999108 0.0298166 0.0104728 0.0190886 0.0188504 0.0034519 0.0071699 0.0027558 0.0053327 0.0149498 0.0014841 0.0018070 0.0182872 0.0018853 0.0053005 0.0130467
 36 T  36 0.0137060 0.0142535 0.0149127 0.0058574 0.0121903 0.1663555 0.0007991 0.0156433 0.0307923 0.0167626 0.5593222 0.1008268 0.0018235 0.0126970 0.0039556 0.0009335 0.0055945 0.0071801 0.0129260 0.0034680
 37 G  37 0.0000000 0.0000000 0.0092709 0.0000000 0.0000000 0.0000000 0.0000000 0.0000000 0.0107327 0.9351553 0.0000000 0.0197292 0.0000000 0.0054488 0.0074407 0.0070614 0.0000000 0.0051611 0.0000000 0.0000000
 38 Y  38 0.0010539 0.0000000 0.0162462 0.0054310 0.0032041 0.0122743 0.0012238 0.9154022 0.0049707 0.0106166 0.0041182 0.0005243 0.0008075 0.0000000 0.0071915 0.0013082 0.0097060 0.0044049 0.0000000 0.0015167
 39 Q  39 0.0011525 0.0064280 0.0026918 0.0134949 0.0257314 0.0331789 0.0000000 0.0038287 0.0045362 0.0032436 0.0302663 0.0054486 0.6028809 0.0257085 0.0686210 0.0024434 0.0104642 0.0010998 0.0008062 0.1579751
 40 E  40 0.0000000 0.0005745 0.0000000 0.0000000 0.0011169 0.0015960 0.0016157 0.0083015 0.0040019 0.0043154 0.0000000 0.0030698 0.0307027 0.0069112 0.9054175 0.0055892 0.0044009 0.0162291 0.0061575 0.0000000
 41 I  41 0.0014532 0.0243087 0.0126842 0.3656091 0.0146806 0.1237272 0.0000000 0.0000000 0.0901168 0.0035985 0.1210713 0.2081043 0.0015509 0.0047533 0.0133708 0.0000000 0.0000000 0.0000000 0.0042301 0.0107411
 42 L  42 0.0027372 0.1192588 0.0558032 0.1733228 0.5588821 0.0488033 0.0011471 0.0148905 0.0181910 0.0000000 0.0042530 0.0015794 0.0000000 0.0011315 0.0000000 0.0000000 0.0000000 0.0000000 0.0000000 0.0000000
 43 T  43 0.0033045 0.0060509 0.0000000 0.0018442 0.0000000 0.0089844 0.0000000 0.0007260 0.0079334 0.0000000 0.8543044 0.1001415 0.0000000 0.0014282 0.0011627 0.0011268 0.0000000 0.0046156 0.0083775 0.0000000
 44 D  44 0.0000000 0.0047600 0.0000000 0.0014279 0.0000000 0.0060813 0.0000000 0.0000000 0.0024254 0.0022384 0.0024083 0.0052922 0.0034828 0.0208732 0.0021141 0.9411332 0.0000000 0.0077632 0.0000000 0.0000000
 45 P  45 0.0000000 0.0000000 0.0000000 0.0000000 0.0186025 0.0000000 0.0000000 0.0021234 0.0117377 0.0020348 0.0017438 0.0065734 0.0294111 0.0071821 0.0038011 0.0073401 0.0000000 0.0123997 0.0021653 0.8948848
 46 S  46 0.0000000 0.0000000 0.0041518 0.0120137 0.0013357 0.0097343 0.0000000 0.0000000 0.0558689 0.0015737 0.0235097 0.8733581 0.0000000 0.0016324 0.0075642 0.0092576 0.0000000 0.0000000 0.0000000 0.0000000
 47 Y  47 0.0016590 0.0027093 0.0655180 0.0086575 0.0049613 0.0057990 0.0008236 0.8355006 0.0017020 0.0090161 0.0032563 0.0056163 0.0000000 0.0364429 0.0000000 0.0000000 0.0100286 0.0083095 0.0000000 0.0000000
 48 S  48 0.0437536 0.0038974 0.0467518 0.0049805 0.0363871 0.0057562 0.0014658 0.0521163 0.2985633 0.0074724 0.0569933 0.0518871 0.0159785 0.0282321 0.0319128 0.0169134 0.0839846 0.1142268 0.0973018 0.0014250
 49 R  49 0.0047285 0.0009414 0.0019917 0.0000000 0.0005650 0.0102498 0.0000000 0.0027812 0.0448547 0.6785771 0.0021903 0.0422902 0.0156328 0.0599430 0.0215691 0.0300945 0.0058084 0.0478009 0.0299814 0.0000000
 50 Q  50 0.0092737 0.0000000 0.0006618 0.0000000 0.0030001 0.0000000 0.0000000 0.0010025 0.0111577 0.0000000 0.0054585 0.0000000 0.8820206 0.0032714 0.0124165 0.0050568 0.0050477 0.0220929 0.0395399 0.0000000
 51 I  51 0.0017955 0.0393756 0.0501582 0.7139192 0.0955170 0.0536249 0.0000000 0.0000000 0.0076044 0.0045556 0.0035856 0.0162460 0.0000000 0.0008256 0.0000000 0.0000000 0.0127924 0.0000000 0.0000000 0.0000000
 52 V  52 0.0010250 0.0330831 0.0008012 0.2070646 0.3493978 0.3677225 0.0086545 0.0006334 0.0082655 0.0000000 0.0188413 0.0000000 0.0010490 0.0000000 0.0000000 0.0034621 0.0000000 0.0000000 0.0000000 0.0000000
 53 T  53 0.0293372 0.0323600 0.0008017 0.0681936 0.0579825 0.4254539 0.0086276 0.0000000 0.0435741 0.0009270 0.2951385 0.0040218 0.0000000 0.0301308 0.0000000 0.0000000 0.0000000 0.0000000 0.0034513 0.0000000
 54 L  54 0.0094867 0.1872052 0.4156742 0.0180282 0.2194360 0.0077676 0.0009893 0.0074681 0.0168540 0.0091450 0.0249497 0.0156759 0.0423184 0.0053100 0.0017593 0.0000000 0.0010041 0.0000000 0.0000000 0.0169283
 55 T  55 0.0054972 0.0016211 0.0000000 0.0000000 0.0006584 0.0031979 0.0000000 0.0000000 0.0428229 0.0013674 0.8447267 0.0487464 0.0041308 0.0231603 0.0049241 0.0090537 0.0000000 0.0000000 0.0000000 0.0100931
 56 Y  56 0.0100582 0.0281636 0.1729207 0.0052738 0.0000000 0.0133861 0.0047503 0.4419296 0.0593096 0.0061450 0.0622553 0.0446183 0.0494859 0.0600673 0.0012330 0.0015625 0.0213690 0.0116666 0.0004455 0.0053598
 57 P  57 0.0017912 0.0000000 0.0000000 0.0007938 0.0018297 0.0099832 0.0000000 0.0000000 0.0392974 0.0053542 0.0109680 0.0346798 0.0000000 0.0006889 0.0147986 0.0010923 0.0000000 0.0128108 0.0000000 0.8659121
 58 H  58 0.0033847 0.0492871 0.0039106 0.0218871 0.3900603 0.0095163 0.0011589 0.0039168 0.0150522 0.0047150 0.0120714 0.0151434 0.0402554 0.0164797 0.0651728 0.0048782 0.3365044 0.0053672 0.0000000 0.0012385
 59 I  59 0.0005633 0.0117247 0.0033997 0.7268549 0.0295665 0.1869559 0.0000000 0.0000000 0.0081483 0.0000000 0.0039831 0.0041624 0.0142049 0.0009154 0.0022664 0.0000000 0.0018345 0.0034730 0.0000000 0.0019471
 60 G  60 0.0000000 0.0000000 0.0015355 0.0086592 0.0043490 0.0014856 0.0000000 0.0000000 0.0067930 0.9478322 0.0000000 0.0008679 0.0000000 0.0022214 0.0102204 0.0142061 0.0000000 0.0018297 0.0000000 0.0000000
 61 N  61 0.0015768 0.0035895 0.0000000 0.0261452 0.0111831 0.0041341 0.0000000 0.0015355 0.0139290 0.0121196 0.0095187 0.0215161 0.0046212 0.8703704 0.0000000 0.0018103 0.0017728 0.0040317 0.0048430 0.0073030
 62 V  62 0.0086467 0.0000000 0.0007643 0.0168417 0.0087841 0.1561395 0.0063614 0.5717057 0.0084098 0.0094764 0.1717157 0.0214363 0.0016718 0.0035994 0.0000000 0.0006283 0.0057930 0.0080259 0.0000000 0.0000000
 63 G  63 0.0000000 0.0000000 0.0000000 0.0000000 0.0020185 0.0000000 0.0000000 0.0000000 0.0049603 0.9320530 0.0000000 0.0067876 0.0050461 0.0011263 0.0108937 0.0024293 0.0169600 0.0017262 0.0052138 0.0107851
 64 T  64 0.0155073 0.0248927 0.0215434 0.2399502 0.0469247 0.4245206 0.0286184 0.0093554 0.0495588 0.0006063 0.1133780 0.0129441 0.0000000 0.0009302 0.0011264 0.0010593 0.0016367 0.0011132 0.0000000 0.0063341
 65 N  65 0.0069359 0.0103464 0.0051879 0.0231877 0.0118931 0.0065041 0.0008309 0.0014843 0.0186381 0.0013835 0.0457709 0.0429485 0.0116415 0.4677688 0.0207739 0.0369502 0.0355303 0.0167590 0.0081641 0.2273008
 66 D  66 0.0024612 0.0065191 0.0237547 0.0136993 0.0527505 0.0124204 0.0007614 0.0093986 0.0904776 0.0289723 0.0305339 0.1224643 0.0229311 0.0438638 0.0994485 0.1746814 0.0216393 0.0528708 0.0589383 0.1314134
 67 A  67 0.0022260 0.0065643 0.0143438 0.0289713 0.0332563 0.0136138 0.0080490 0.0108695 0.0552666 0.0294016 0.0415763 0.0320395 0.0545402 0.0491352 0.3192206 0.1503214 0.0130308 0.0725816 0.0507714 0.0142207
 68 D  68 0.0025283 0.0019800 0.0340930 0.0135423 0.0055075 0.0243108 0.0172270 0.0162196 0.0210201 0.0133456 0.0201985 0.0240757 0.0121204 0.0307629 0.1078807 0.5744609 0.0180928 0.0302971 0.0260816 0.0062553
 69 E  69 0.0175828 0.0690791 0.1517385 0.0650743 0.0584821 0.0614567 0.0229744 0.0853469 0.0338818 0.0112345 0.0167001 0.0578293 0.0204958 0.0915996 0.1017129 0.0727250 0.0149108 0.0153247 0.0160959 0.0157549
 70 E  70 0.0007229 0.0007850 0.0018367 0.0004939 0.0056222 0.0012489 0.0000000 0.0006523 0.0025110 0.0130994 0.0034867 0.0032516 0.0880336 0.0074422 0.8485684 0.0043581 0.0024175 0.0027093 0.0116241 0.0011362
 71 S  71 0.0038284 0.0015711 0.0030734 0.0101528 0.0087364 0.0013137 0.0124351 0.0019872 0.0740430 0.0201891 0.0475165 0.7706220 0.0016895 0.0104682 0.0112660 0.0090047 0.0052748 0.0024188 0.0012583 0.0031512
 72 S  72 0.0011797 0.0038537 0.0160791 0.0516447 0.0308083 0.0112449 0.0027328 0.0139893 0.0736289 0.0566126 0.0325428 0.1405575 0.0186442 0.0930395 0.0803543 0.1587244 0.0147939 0.0787721 0.0688682 0.0519290
 73 Q  73 0.0050256 0.0082111 0.0131251 0.0072934 0.0164520 0.0141933 0.0004820 0.0030226 0.0421848 0.0992904 0.0382256 0.0823649 0.0678240 0.0407097 0.0441260 0.0431618 0.0281432 0.2291412 0.2109360 0.0060872
 74 V  74 0.0383562 0.0080728 0.0102140 0.3879731 0.0270220 0.1695341 0.0021418 0.0041171 0.0370159 0.0129886 0.0189746 0.0352842 0.0066730 0.0045519 0.0008822 0.0012086 0.0019306 0.0017587 0.0033013 0.2279993
 75 H  75 0.0091871 0.0089813 0.0622188 0.0013081 0.0113722 0.0324699 0.1318450 0.0490191 0.0475903 0.0177083 0.0629937 0.0477312 0.1750603 0.0094159 0.0060182 0.0018997 0.2167402 0.0283251 0.0755753 0.0045402
 76 A  76 0.0721949 0.0055298 0.0021283 0.1358474 0.0761152 0.2773856 0.0000000 0.0006665 0.3276175 0.0096609 0.0272343 0.0164744 0.0000000 0.0006936 0.0000000 0.0000000 0.0000000 0.0000000 0.0000000 0.0484517
 77 Q  77 0.0076946 0.0013583 0.0039743 0.0109491 0.0159648 0.0193650 0.0014251 0.0017291 0.2686764 0.0308244 0.0342972 0.1921594 0.0279719 0.0351012 0.0701315 0.0072124 0.0068068 0.1263833 0.1372713 0.0007037
 78 G  78 0.0040985 0.0008800 0.0000000 0.0000000 0.0017665 0.0056432 0.0000000 0.0000000 0.1675399 0.7973847 0.0055023 0.0098606 0.0000000 0.0000000 0.0000000 0.0000000 0.0000000 0.0000000 0.0073243 0.0000000
 79 L  79 0.0242162 0.0574448 0.1155832 0.1265283 0.3793590 0.2074424 0.0012949 0.0495715 0.0277142 0.0000000 0.0021239 0.0000000 0.0000000 0.0000000 0.0000000 0.0000000 0.0087216 0.0000000 0.0000000 0.0000000
 80 V  80 0.0018554 0.0011269 0.0031321 0.4285043 0.0369492 0.4924496 0.0000000 0.0000000 0.0144883 0.0008307 0.0000000 0.0000000 0.0000000 0.0000000 0.0000000 0.0087362 0.0000000 0.0103113 0.0000000 0.0016158
 81 I  81 0.0586454 0.0198408 0.0236356 0.1686234 0.0361972 0.5576909 0.0000000 0.0016226 0.0622206 0.0035039 0.0435137 0.0053788 0.0000000 0.0000000 0.0000000 0.0000000 0.0191272 0.0000000 0.0000000 0.0000000
 82 R  82 0.0090578 0.0006094 0.0036085 0.0045669 0.0174875 0.0009045 0.0000000 0.0076320 0.0627033 0.0917453 0.0104096 0.0846927 0.0264897 0.0543308 0.0036079 0.0042288 0.0282071 0.4196338 0.1680983 0.0019860
 83 D  83 0.0062479 0.0021293 0.0013786 0.0010974 0.0040090 0.0063798 0.0214049 0.0075439 0.0272431 0.0192290 0.0159571 0.0791659 0.0463208 0.1117433 0.3599245 0.2320848 0.0268383 0.0136544 0.0176481 0.0000000
 84 L  84 0.0285696 0.0206021 0.0674026 0.0750050 0.2242438 0.0815837 0.0159401 0.1924807 0.0727202 0.0068044 0.0087359 0.0146774 0.0089659 0.0126523 0.0234055 0.0571087 0.0167255 0.0059074 0.0176968 0.0487722
 85 P  85 0.1760204 0.0123683 0.0044551 0.0622185 0.0218624 0.0342982 0.0014133 0.0138894 0.1322517 0.0066097 0.0666709 0.2748371 0.0109495 0.0405067 0.0167753 0.0088396 0.0134534 0.0009206 0.0011011 0.1005588
 86 L  86 0.0039347 0.0101956 0.0222884 0.0441823 0.0693154 0.0151782 0.0059226 0.0185293 0.0335063 0.0171020 0.1366679 0.0530663 0.0300535 0.0485543 0.1366055 0.1073979 0.0206718 0.1174905 0.0484410 0.0608965
 87 I  87 0.0056091 0.0151179 0.0421898 0.0881261 0.0486572 0.0699502 0.0010973 0.0331346 0.0364815 0.0176642 0.0695128 0.0559514 0.0516548 0.0636493 0.1246216 0.0610161 0.0519439 0.0853380 0.0622233 0.0160606
 88 A  88 0.0030389 0.0052598 0.0486983 0.0148111 0.0080865 0.0442137 0.0049333 0.1493358 0.1197579 0.0197728 0.0320174 0.0635453 0.0075244 0.0052846 0.0142364 0.0207411 0.0366748 0.0111897 0.0037831 0.3870950
 89 S  89 0.0133407 0.0005771 0.0151550 0.0014105 0.0043629 0.0155083 0.0106232 0.0099961 0.0326870 0.0087215 0.0226460 0.7607231 0.0034429 0.0275446 0.0050128 0.0227361 0.0066334 0.0202142 0.0036820 0.0149825
 90 N  90 0.0009161 0.0011661 0.0000000 0.0025716 0.0060403 0.0036646 0.0025420 0.0031795 0.0059919 0.0126647 0.0027214 0.0681848 0.0179380 0.4565630 0.0075248 0.0167790 0.3329118 0.0459499 0.0046080 0.0080827
 91 F  91 0.0023031 0.0036013 0.1766780 0.0105033 0.0051212 0.0143096 0.4477235 0.1349101 0.0158841 0.0102744 0.0094047 0.0149439 0.0152216 0.0081186 0.0047862 0.0060873 0.0485477 0.0338717 0.0080406 0.0296690
 92 R  92 0.0011857 0.0057676 0.0039796 0.0083873 0.0675360 0.0023024 0.0007101 0.0071553 0.0290322 0.0215051 0.0579468 0.0502093 0.0645374 0.0564463 0.0306190 0.0265416 0.0201490 0.5126440 0.0276427 0.0057028
 93 N  93 0.0386847 0.0252237 0.0044480 0.0008171 0.0134747 0.0032264 0.0000000 0.0118346 0.3779356 0.0386402 0.0103084 0.3249362 0.0201048 0.0377705 0.0115793 0.0083096 0.0075019 0.0176760 0.0288607 0.0186677
 94 T  94 0.0031533 0.0043794 0.0165516 0.0310888 0.0110105 0.0932966 0.0014644 0.0085562 0.0543773 0.0294489 0.1471348 0.0605195 0.0897631 0.0563980 0.1716043 0.0381021 0.0164419 0.0649732 0.0976625 0.0040733
 95 E  95 0.0095069 0.0618975 0.0143495 0.0383394 0.0402100 0.0142178 0.0025847 0.0089046 0.0321964 0.1060812 0.0258376 0.0958142 0.1006706 0.0140962 0.1498895 0.0430382 0.0147402 0.0885063 0.1320079 0.0071115
 96 D  96 0.0040203 0.0008258 0.0017393 0.0023163 0.0027788 0.0025129 0.0000000 0.0005311 0.0267471 0.0348982 0.2150566 0.4563902 0.0032971 0.0445990 0.0279843 0.0812877 0.0299160 0.0168428 0.0205580 0.0276987
 97 L  97 0.0000000 0.0014133 0.0747547 0.0488707 0.7938954 0.0361215 0.0100278 0.0026145 0.0035187 0.0012515 0.0005642 0.0008137 0.0048930 0.0000000 0.0010439 0.0005131 0.0000000 0.0087486 0.0000000 0.0109553
 98 S  98 0.0051268 0.0006469 0.0109626 0.0095021 0.0214764 0.0126481 0.0003862 0.0081117 0.0821675 0.1442487 0.0211287 0.1497741 0.0374873 0.0634339 0.0821263 0.2183646 0.0404159 0.0199630 0.0306036 0.0414254
 99 S  99 0.0024504 0.0017645 0.0020565 0.0036830 0.0043658 0.0068579 0.0000000 0.0077357 0.0874535 0.0292405 0.0486102 0.0828271 0.0769328 0.0474236 0.2497208 0.2365739 0.0154008 0.0251299 0.0471245 0.0246486
100 Y 100 0.0027121 0.0114793 0.2157247 0.0024222 0.0421018 0.0087459 0.3746385 0.2497793 0.0136631 0.0044444 0.0024509 0.0063822 0.0050578 0.0007897 0.0395029 0.0066581 0.0027257 0.0080181 0.0027032 0.0000000
101 L 101 0.0521901 0.0749776 0.0460979 0.0145291 0.7773431 0.0035608 0.0000000 0.0008113 0.0156359 0.0048680 0.0006576 0.0078259 0.0000000 0.0000000 0.0000000 0.0000000 0.0000000 0.0015025 0.0000000 0.0000000
102 K 102 0.0031898 0.0132918 0.0238480 0.0495686 0.0260430 0.0392220 0.0018242 0.0058187 0.1159454 0.0051411 0.0347172 0.0271140 0.0549993 0.0279341 0.1362881 0.0207216 0.0065992 0.0992488 0.3084850 0.0000000
103 R 103 0.0015986 0.0080923 0.0017377 0.0082025 0.0154010 0.0092039 0.0000000 0.0039119 0.0979758 0.0142015 0.0227163 0.0768406 0.0763519 0.0417123 0.2426991 0.0781116 0.0131645 0.1358238 0.1485533 0.0037013
104 H 104 0.0058036 0.0122666 0.0152704 0.0072983 0.0098540 0.0072162 0.0100943 0.0594383 0.0426496 0.0045153 0.0106478 0.0364560 0.1625121 0.1713181 0.1154201 0.0119185 0.1756000 0.0752694 0.0664515 0.0000000
105 N 105 0.0027647 0.0009358 0.0106653 0.0000000 0.0007065 0.0000000 0.0006646 0.0079079 0.0067021 0.3935788 0.0016536 0.0247352 0.0249844 0.2384613 0.0312004 0.0592518 0.0196948 0.0392413 0.1368516 0.0000000
106 I 106 0.0011300 0.0129851 0.0032518 0.4473392 0.0742030 0.3733499 0.0000000 0.0000000 0.0070363 0.0000000 0.0252141 0.0029581 0.0006521 0.0000000 0.0000000 0.0000000 0.0000000 0.0236259 0.0282543 0.0000000
107 V 107 0.0072199 0.0356510 0.0094035 0.1138345 0.0298795 0.2009352 0.0006046 0.0007223 0.0262140 0.0041322 0.0470121 0.0227244 0.0034517 0.0000000 0.0004577 0.0000000 0.0007603 0.0051388 0.0006299 0.4912284
108 A 108 0.0251682 0.0023613 0.0066682 0.0243615 0.0296836 0.0260650 0.0008182 0.0042355 0.2453607 0.5834415 0.0066549 0.0093657 0.0000000 0.0005324 0.0126577 0.0000000 0.0172269 0.0053987 0.0000000 0.0000000
109 I 109 0.0000000 0.0298226 0.0132928 0.6604206 0.1850665 0.0802685 0.0000000 0.0000000 0.0023751 0.0011503 0.0000000 0.0048370 0.0000000 0.0000000 0.0036757 0.0054141 0.0000000 0.0000000 0.0049207 0.0087562
110 A 110 0.0778898 0.0087236 0.0333253 0.0048583 0.0052241 0.0098230 0.0155752 0.1100258 0.1377345 0.0367885 0.1187778 0.2398042 0.0368509 0.0079949 0.0733194 0.0243986 0.0152613 0.0100925 0.0243337 0.0091986
111 D 111 0.0023537 0.0038056 0.0000000 0.0056700 0.0019143 0.0020002 0.0022308 0.0004410 0.0368363 0.5972565 0.0020128 0.0211583 0.0129117 0.0627802 0.0576438 0.1508498 0.0141353 0.0093901 0.0069347 0.0096749
112 I 112 0.0000000 0.0044284 0.0100026 0.4269869 0.0792981 0.4158550 0.0000000 0.0000000 0.0071170 0.0027656 0.0024811 0.0007159 0.0051577 0.0049567 0.0051867 0.0070394 0.0088625 0.0074745 0.0094265 0.0022456
113 D 113 0.0000000 0.0000000 0.0000000 0.0000000 0.0088797 0.0000000 0.0000000 0.0000000 0.0070431 0.0065613 0.0006087 0.0041062 0.0051649 0.0088004 0.0057826 0.9399664 0.0008536 0.0095408 0.0000000 0.0026923
114 T 114 0.0016138 0.0000000 0.0000000 0.0059248 0.0000000 0.0218532 0.0000000 0.0000000 0.0059533 0.0000000 0.9305361 0.0096000 0.0027520 0.0028611 0.0000000 0.0000000 0.0000000 0.0088190 0.0000000 0.0100867
115 R 115 0.0000000 0.0000000 0.0000000 0.0000000 0.0000000 0.0000000 0.0008069 0.0000000 0.0015952 0.0000000 0.0000000 0.0065934 0.0032055 0.0000000 0.0156658 0.0000000 0.0041220 0.9634021 0.0008926 0.0037164
116 K 116 0.0027715 0.0338932 0.0157110 0.0006944 0.0186221 0.0057765 0.0009575 0.0228887 0.4719817 0.0279746 0.0235059 0.0826922 0.0311951 0.0078630 0.0517577 0.0143371 0.0133414 0.0886761 0.0853602 0.0000000
117 L 117 0.0000000 0.0058928 0.0017515 0.1600100 0.7533816 0.0500372 0.0000000 0.0000000 0.0037995 0.0000000 0.0049792 0.0075083 0.0037372 0.0000000 0.0000000 0.0000000 0.0000000 0.0089027 0.0000000 0.0000000
118 T 118 0.0000000 0.0111856 0.0011937 0.0346832 0.0085150 0.2192792 0.0049625 0.0009907 0.0424237 0.0006058 0.6423665 0.0093768 0.0021827 0.0000000 0.0000000 0.0000000 0.0096010 0.0061243 0.0059753 0.0005338
119 R 119 0.0084317 0.0092333 0.0031428 0.0305403 0.0674341 0.0134855 0.0000000 0.0037625 0.0172624 0.0022790 0.0430189 0.0287145 0.0539640 0.0116514 0.0062111 0.0012643 0.0233047 0.4063824 0.2694921 0.0004251
120 L 120 0.0030718 0.0292304 0.0083077 0.0982210 0.0823652 0.0302721 0.0016022 0.0621426 0.0447293 0.0048890 0.0251080 0.0085604 0.0094293 0.0096777 0.0135258 0.0046800 0.2290264 0.1569045 0.1782565 0.0000000
121 L 121 0.0008287 0.0013909 0.0011237 0.4330755 0.4631978 0.0583244 0.0000000 0.0000000 0.0116140 0.0000000 0.0094630 0.0112833 0.0000000 0.0007663 0.0000000 0.0000000 0.0000000 0.0000000 0.0000000 0.0089326
122 R 122 0.0013537 0.0029552 0.0000000 0.0024857 0.0075164 0.0063562 0.0000000 0.0000000 0.0121752 0.0005501 0.0122700 0.0157721 0.0084564 0.0095667 0.0027912 0.0012160 0.0030919 0.8925305 0.0184209 0.0024918
123 E 123 0.0015469 0.0084038 0.0006234 0.0097636 0.0150272 0.0110265 0.0000000 0.0021075 0.0403665 0.0073394 0.0714494 0.0979759 0.0538933 0.0611449 0.3294462 0.1948089 0.0055365 0.0264790 0.0605400 0.0025211
124 K 124 0.0100390 0.0084477 0.0229194 0.0094432 0.0223676 0.0172563 0.0009214 0.0275925 0.0536756 0.0442834 0.0348595 0.0578874 0.0975110 0.0924049 0.0793808 0.0237478 0.1102864 0.0750268 0.2098717 0.0020777
125 G 125 0.0000000 0.0000000 0.0000000 0.0000000 0.0011902 0.0032654 0.0000000 0.0000000 0.0051113 0.9405426 0.0066270 0.0074690 0.0043121 0.0037346 0.0029852 0.0026987 0.0034215 0.0037114 0.0117424 0.0031884
126 A 126 0.0164893 0.0132607 0.0049197 0.0118905 0.0102447 0.1600279 0.0000000 0.0109203 0.3145077 0.0037506 0.1733079 0.1957866 0.0013942 0.0168788 0.0223190 0.0040926 0.0044195 0.0028974 0.0059304 0.0269621
127 Q 127 0.0089794 0.4297612 0.0049036 0.0510866 0.1321445 0.0452360 0.0000000 0.0013376 0.0081688 0.0015443 0.0498596 0.0383371 0.1145807 0.0066021 0.0061173 0.0034772 0.0000000 0.0090954 0.0183062 0.0704622
128 N 128 0.0012072 0.0566476 0.0157752 0.0175649 0.1979014 0.0058635 0.0106385 0.0094839 0.0264593 0.0172286 0.0105238 0.0305391 0.0122918 0.1878974 0.0015773 0.0025186 0.0472962 0.1468730 0.1608587 0.0408540
129 G 129 0.0369622 0.0175023 0.0000000 0.0024819 0.0013184 0.0430786 0.0000000 0.0000000 0.3049411 0.5505113 0.0021710 0.0176354 0.0000000 0.0000000 0.0000000 0.0017323 0.0000000 0.0038972 0.0081500 0.0096184
130 C 130 0.0947264 0.0296047 0.0098350 0.0936007 0.0432374 0.1683905 0.0103961 0.0205308 0.1575888 0.0638730 0.0238931 0.0570004 0.0041348 0.0010764 0.0048031 0.0007440 0.0027912 0.1142172 0.0995564 0.0000000
131 I 131 0.0000000 0.0256953 0.0192525 0.6107042 0.2100564 0.0977589 0.0000000 0.0007425 0.0252030 0.0033521 0.0028040 0.0019374 0.0000000 0.0000000 0.0024938 0.0000000 0.0000000 0.0000000 0.0000000 0.0000000
132 I 132 0.0333966 0.0391701 0.0497908 0.1272442 0.0703311 0.1610947 0.0022294 0.0083120 0.1251625 0.0258390 0.1251954 0.1642878 0.0163159 0.0062796 0.0166776 0.0030595 0.0086646 0.0077688 0.0086648 0.0005156
133 A 133 0.0129931 0.0057709 0.0476660 0.0514945 0.0273977 0.0882205 0.0010662 0.0343903 0.0831005 0.0069804 0.1891711 0.1407400 0.0379301 0.0493123 0.0071757 0.0642343 0.0761394 0.0137315 0.0209992 0.0414864
134 G 134 0.0026497 0.0049042 0.0145530 0.0106153 0.0209253 0.0262653 0.0012220 0.0100636 0.0645747 0.2479855 0.0644382 0.1064482 0.0318679 0.0491322 0.1397542 0.1060785 0.0132521 0.0231066 0.0343281 0.0278353
135 D 135 0.0035854 0.0038948 0.0044942 0.0193712 0.0442926 0.0271702 0.0004735 0.0062206 0.0781031 0.0516331 0.0371295 0.0657780 0.0257092 0.0684015 0.1653055 0.1696844 0.0131836 0.0201597 0.0760221 0.1193879
136 N 136 0.0040378 0.0132290 0.0091745 0.0345194 0.0409676 0.0413956 0.0011921 0.0134778 0.0875948 0.0272838 0.0562143 0.0760826 0.0490349 0.0915365 0.1123682 0.1860206 0.0158221 0.0172768 0.0565486 0.0662232
137 P 137 0.0032377 0.0044122 0.1410258 0.0604906 0.0852458 0.0391407 0.0014420 0.0346158 0.0806787 0.0381444 0.0460506 0.0707955 0.0112788 0.0261364 0.0499863 0.0905355 0.0161759 0.0208177 0.0621057 0.1176838
138 D 138 0.0073312 0.0043261 0.0135410 0.0202647 0.0340210 0.0377249 0.0000000 0.0029514 0.0421491 0.0255098 0.0660082 0.0897946 0.0220303 0.0849251 0.0752772 0.3686302 0.0090799 0.0143693 0.0317345 0.0503315
139 A 139 0.0056848 0.0051994 0.0133127 0.1727209 0.1172264 0.0839045 0.0060339 0.0032118 0.1100828 0.0277558 0.0453764 0.0234059 0.0156341 0.0155030 0.0988670 0.0829665 0.0155144 0.0189428 0.0512814 0.0873756
140 A 140 0.0000000 0.0022564 0.0029560 0.0066402 0.0140008 0.0119618 0.0015880 0.0033861 0.1322652 0.0202293 0.0207211 0.0541362 0.0445798 0.0406316 0.2901902 0.2179124 0.0105751 0.0156711 0.0677285 0.0425704
141 L 141 0.0000000 0.0029753 0.0072976 0.0146686 0.0416919 0.0260558 0.0021977 0.0085751 0.1811526 0.0111389 0.0418089 0.0786356 0.0447593 0.0219583 0.2874713 0.0734651 0.0123464 0.0312116 0.1074313 0.0051585
142 A 142 0.0070984 0.0327594 0.0093907 0.0563187 0.5089237 0.0440446 0.0017390 0.0067097 0.2517265 0.0124328 0.0097198 0.0067990 0.0164084 0.0038645 0.0114591 0.0061528 0.0020179 0.0046193 0.0052936 0.0025219
143 L 143 0.0022686 0.0166424 0.0117539 0.1188348 0.3043425 0.1914641 0.0042314 0.0066314 0.0425413 0.0024443 0.0273132 0.0100487 0.0411923 0.0064488 0.0208984 0.0150824 0.0092113 0.0530769 0.1129613 0.0026122
144 E 144 0.0008551 0.0049939 0.0045213 0.0107147 0.0144519 0.0092032 0.0023265 0.0041397 0.2677410 0.0091066 0.0175788 0.0567700 0.0648477 0.0322409 0.2147884 0.0583276 0.0076858 0.0596808 0.1542727 0.0057535
145 K 145 0.0053603 0.0574515 0.0139859 0.0373897 0.1025120 0.0213210 0.0048801 0.0081398 0.0944619 0.0167046 0.0208405 0.0173727 0.0920137 0.0204878 0.1162777 0.0146984 0.0156861 0.1078245 0.2325917 0.0000000
146 A 146 0.0027864 0.0100877 0.0272010 0.0854102 0.2618844 0.1318985 0.0023265 0.0028988 0.4008057 0.0000000 0.0166360 0.0285028 0.0049067 0.0022549 0.0034203 0.0019358 0.0019950 0.0000000 0.0076354 0.0074140
147 R 147 0.0027584 0.0071087 0.0084361 0.0149490 0.0255251 0.0077234 0.0013374 0.0056370 0.0995674 0.0134651 0.0225913 0.0467140 0.0789037 0.0433045 0.0484573 0.0303306 0.0129174 0.2880807 0.2313985 0.0107943
148 A 148 0.0000000 0.0037047 0.0021735 0.0027347 0.0103864 0.0044054 0.0000000 0.0058971 0.2241081 0.0603237 0.0303958 0.1391023 0.0597403 0.0960248 0.1219893 0.0760493 0.0069059 0.0377863 0.1154776 0.0027949
149 F 149 0.0389228 0.0101218 0.2127508 0.0411906 0.0477407 0.0623813 0.1564225 0.0707173 0.1032894 0.0062847 0.0375084 0.0660683 0.0505484 0.0048016 0.0246185 0.0021782 0.0272917 0.0163070 0.0077397 0.0131161
150 P 150 0.0052049 0.0047671 0.0033862 0.0103497 0.0174632 0.0187969 0.0046810 0.0043639 0.0646801 0.0349137 0.0338621 0.0652234 0.0359874 0.0228332 0.0354468 0.0149210 0.0121727 0.0190570 0.0779040 0.5139858
151 G 151 0.0025069 0.0033555 0.0221689 0.0093027 0.0064758 0.0081502 0.0000000 0.0046403 0.0244410 0.5936514 0.0273674 0.1118771 0.0123349 0.0200126 0.0193115 0.0493892 0.0067669 0.0101972 0.0461725 0.0218782
