59
  1 M   1 0.0000000 1.0000000 0.0000000 0.0000000 0.0000000 0.0000000 0.0000000 0.0000000 0.0000000 0.0000000 0.0000000 0.0000000 0.0000000 0.0000000 0.0000000 0.0000000 0.0000000 0.0000000 0.0000000 0.0000000
  2 L   2 0.0000000 0.0000000 0.0000000 0.0000000 1.0000000 0.0000000 0.0000000 0.0000000 0.0000000 0.0000000 0.0000000 0.0000000 0.0000000 0.0000000 0.0000000 0.0000000 0.0000000 0.0000000 0.0000000 0.0000000
  3 K   3 0.0000000 0.0000000 0.0000000 0.0000000 0.0000000 0.0000000 0.0000000 0.0000000 0.0692952 0.0000000 0.0000000 0.0000000 0.0962375 0.0988430 0.0000000 0.0000000 0.0000000 0.0000000 0.7356243 0.0000000
  4 D   4 0.0000000 0.0000000 0.0000000 0.0000000 0.0000000 0.0000000 0.0000000 0.0000000 0.0000000 0.0000000 0.0000000 0.0000000 0.0000000 0.0531906 0.1686392 0.7233620 0.0000000 0.0000000 0.0548082 0.0000000
  5 Y   5 0.0000000 0.0000000 0.0976143 0.0829043 0.1066545 0.0000000 0.0000000 0.6727883 0.0000000 0.0000000 0.0400385 0.0000000 0.0000000 0.0000000 0.0000000 0.0000000 0.0000000 0.0000000 0.0000000 0.0000000
  6 H   6 0.0000000 0.0000000 0.0000000 0.0000000 0.0000000 0.0000000 0.0000000 0.0000000 0.0000000 0.2121991 0.0390379 0.0270230 0.0244101 0.0853059 0.0294565 0.1344392 0.4179286 0.0000000 0.0118039 0.0183958
  7 L   7 0.0106310 0.0080179 0.0675220 0.1261154 0.5802849 0.1247133 0.0000000 0.0096921 0.0086630 0.0000000 0.0467766 0.0000000 0.0000000 0.0089674 0.0000000 0.0000000 0.0000000 0.0000000 0.0000000 0.0086163
  8 K   8 0.0000000 0.0000000 0.0000000 0.0058004 0.0096990 0.0000000 0.0000000 0.0000000 0.0150886 0.0112728 0.0238974 0.0180408 0.0759943 0.0304602 0.0692127 0.0067246 0.0042921 0.0174470 0.7074667 0.0046035
  9 E   9 0.0050641 0.0030987 0.0000000 0.0186137 0.0164752 0.0308930 0.0000000 0.0066057 0.0146047 0.0189571 0.0408116 0.0795078 0.0746552 0.1655025 0.2766100 0.0379579 0.0172551 0.0250858 0.1419920 0.0263101
 10 M  10 0.0000000 0.0925383 0.0041478 0.0180324 0.0554706 0.0369083 0.0000000 0.0080363 0.0389020 0.0166534 0.0499715 0.1397028 0.0985769 0.1009203 0.1414173 0.0508010 0.0023300 0.0172584 0.1229358 0.0053968
 11 P  11 0.0021803 0.0055599 0.0019291 0.0475313 0.0108904 0.0157582 0.0000000 0.0021805 0.0263498 0.0109810 0.0552858 0.1244369 0.0676544 0.1089908 0.2022698 0.1024024 0.0186811 0.0041079 0.0948398 0.0979706
 12 E  12 0.0108776 0.0242805 0.0014871 0.1744253 0.0307533 0.0704149 0.0000000 0.0025941 0.0256623 0.0142778 0.0424325 0.0730920 0.0602429 0.0635215 0.1617136 0.0251242 0.0101143 0.0128826 0.1631178 0.0329857
 13 M  13 0.0269990 0.0543603 0.0021465 0.0917128 0.0163871 0.0510546 0.0000000 0.0119949 0.0284284 0.0104997 0.0608780 0.0710944 0.0605676 0.0774891 0.1548151 0.0363944 0.0327166 0.0099370 0.1356811 0.0668433
 14 E  14 0.0023624 0.0047004 0.0044931 0.0215903 0.0355999 0.0180693 0.0000000 0.0106172 0.0163029 0.0209345 0.0454898 0.1154761 0.0337071 0.0697124 0.1858385 0.1299820 0.0070938 0.0320758 0.2459544 0.0000000
 15 D  15 0.0041913 0.0000000 0.0000000 0.0000000 0.0000000 0.0000000 0.0000000 0.0028463 0.0023900 0.0023178 0.0226358 0.0198832 0.0000000 0.0300532 0.0168480 0.8955866 0.0000000 0.0000000 0.0032479 0.0000000
 16 E  16 0.0000000 0.0031074 0.0000000 0.0027716 0.0033370 0.0035421 0.0000000 0.0000000 0.0445804 0.0036115 0.0114396 0.0412357 0.0041039 0.0167098 0.4627078 0.2222855 0.0014048 0.0027861 0.0211526 0.1552240
 17 F  17 0.0017450 0.0053774 0.6502805 0.1121689 0.1210222 0.0782757 0.0051331 0.0018258 0.0070763 0.0000000 0.0021142 0.0000000 0.0000000 0.0000000 0.0050905 0.0021093 0.0077811 0.0000000 0.0000000 0.0000000
 18 L  18 0.0000000 0.0220354 0.1306639 0.1166372 0.6255440 0.0115458 0.0035467 0.0205041 0.0087074 0.0000000 0.0274853 0.0111988 0.0056848 0.0029645 0.0072476 0.0032647 0.0000000 0.0013689 0.0016008 0.0000000
 19 E  19 0.0034173 0.0063300 0.0031165 0.0272988 0.0782214 0.0141302 0.0000000 0.1342232 0.0667870 0.0032884 0.0194317 0.0418722 0.0452752 0.0353813 0.4001611 0.0469046 0.0063193 0.0216237 0.0462182 0.0000000
 20 Y  20 0.0025980 0.0040184 0.6132360 0.0000000 0.0035086 0.0000000 0.0027888 0.3657460 0.0048812 0.0000000 0.0000000 0.0000000 0.0000000 0.0000000 0.0000000 0.0000000 0.0032231 0.0000000 0.0000000 0.0000000
 21 C  21 0.8301207 0.0000000 0.0228959 0.0467997 0.0599301 0.0118158 0.0000000 0.0000000 0.0284379 0.0000000 0.0000000 0.0000000 0.0000000 0.0000000 0.0000000 0.0000000 0.0000000 0.0000000 0.0000000 0.0000000
 22 A  22 0.0000000 0.0025782 0.0000000 0.0058063 0.0093628 0.0016164 0.0000000 0.0020162 0.1154972 0.0072174 0.0062060 0.0560757 0.2176216 0.0218187 0.0316981 0.0231275 0.0088190 0.0695248 0.4192745 0.0017396
 23 K  23 0.0078322 0.0041969 0.0021116 0.0147385 0.0187950 0.0016216 0.0000000 0.0131506 0.0185838 0.0164558 0.2988333 0.1446047 0.0637432 0.1238573 0.0141453 0.0035648 0.0110751 0.0223855 0.2185329 0.0017719
 24 N  24 0.0016761 0.0298277 0.0425154 0.0057342 0.0153240 0.0080265 0.0000000 0.0117134 0.0229817 0.0534089 0.0731524 0.1602930 0.0118360 0.4682966 0.0229351 0.0029762 0.0236182 0.0216466 0.0190117 0.0050263
 25 P  25 0.0000000 0.0000000 0.0000000 0.0130923 0.0016689 0.0258433 0.0000000 0.0000000 0.0062317 0.0099813 0.0082135 0.0300625 0.0051177 0.0097552 0.0000000 0.0118174 0.0000000 0.0057465 0.0067296 0.8657401
 26 S  26 0.0000000 0.0025657 0.0171319 0.0179160 0.0666258 0.0039514 0.0000000 0.0000000 0.0040299 0.0034173 0.4274449 0.3324457 0.0000000 0.0555503 0.0041700 0.0313892 0.0024965 0.0120342 0.0096351 0.0091962
 27 Y  27 0.0077811 0.0035755 0.1544166 0.0145707 0.1779865 0.0301328 0.0000000 0.6075655 0.0039713 0.0000000 0.0000000 0.0000000 0.0000000 0.0000000 0.0000000 0.0000000 0.0000000 0.0000000 0.0000000 0.0000000
 28 E  28 0.0000000 0.0000000 0.0000000 0.0019444 0.0044485 0.0000000 0.0000000 0.0000000 0.0183672 0.0018369 0.0046745 0.0134549 0.0339926 0.0350917 0.4672611 0.4001620 0.0166085 0.0000000 0.0000000 0.0021577
 29 E  29 0.0000000 0.0059491 0.0000000 0.0020906 0.0117507 0.0208167 0.0000000 0.0030914 0.0290747 0.0019442 0.0018689 0.0306338 0.0194991 0.0105635 0.6816695 0.1290940 0.0017311 0.0029403 0.0472825 0.0000000
 30 A  30 0.0365355 0.0018661 0.0201701 0.0205470 0.0199658 0.1044817 0.0000000 0.0000000 0.7294254 0.0032115 0.0473763 0.0164205 0.0000000 0.0000000 0.0000000 0.0000000 0.0000000 0.0000000 0.0000000 0.0000000
 31 Y  31 0.0046932 0.0586883 0.0751825 0.1792741 0.3275632 0.2130999 0.0018869 0.1174781 0.0031343 0.0000000 0.0050889 0.0014662 0.0049628 0.0026542 0.0000000 0.0000000 0.0016119 0.0000000 0.0032156 0.0000000
 32 L  32 0.0025044 0.0021527 0.0151762 0.0080462 0.1503229 0.0186040 0.0000000 0.0031696 0.2177439 0.0158967 0.0144727 0.1037550 0.0610667 0.0351500 0.1361439 0.0120685 0.0027878 0.0426991 0.1582396 0.0000000
 33 K  33 0.0046941 0.0204433 0.0217522 0.0216600 0.0509016 0.0071163 0.0000000 0.0024081 0.0194345 0.0000000 0.0086932 0.0031011 0.0215622 0.0192420 0.0177998 0.0000000 0.0121420 0.1596757 0.6093739 0.0000000
 34 F  34 0.0000000 0.0000000 0.6293937 0.0037622 0.0119335 0.0000000 0.0033682 0.3135498 0.0000000 0.0000000 0.0000000 0.0000000 0.0000000 0.0053517 0.0000000 0.0241289 0.0085120 0.0000000 0.0000000 0.0000000
 35 G  35 0.0020697 0.0000000 0.0000000 0.0000000 0.0000000 0.0000000 0.0000000 0.0000000 0.0421312 0.5926624 0.0000000 0.0484871 0.0083616 0.0106519 0.0125102 0.0075214 0.0017099 0.0023982 0.0439417 0.2275547
 36 D  36 0.0012550 0.0000000 0.0013238 0.0018553 0.0133791 0.0028447 0.0000000 0.0016826 0.0529880 0.0092723 0.0461489 0.1054201 0.0887648 0.1094148 0.1647667 0.3676609 0.0105909 0.0107005 0.0103064 0.0016251
 37 K  37 0.0000000 0.0067200 0.0059825 0.0295035 0.0515561 0.0052494 0.0000000 0.0000000 0.0159670 0.0018177 0.0160975 0.0043681 0.0247969 0.0014819 0.0842623 0.0062945 0.0000000 0.2885291 0.4573734 0.0000000
 38 L  38 0.0000000 0.0099515 0.0111702 0.3176026 0.1990725 0.4480217 0.0000000 0.0000000 0.0061918 0.0000000 0.0079897 0.0000000 0.0000000 0.0000000 0.0000000 0.0000000 0.0000000 0.0000000 0.0000000 0.0000000
 39 L  39 0.0000000 0.0161541 0.4902472 0.0000000 0.1238458 0.0039130 0.0000000 0.3338870 0.0065785 0.0000000 0.0000000 0.0148565 0.0000000 0.0027368 0.0000000 0.0077811 0.0000000 0.0000000 0.0000000 0.0000000
 40 E  40 0.0000000 0.0066233 0.0000000 0.0042741 0.0109576 0.0029920 0.0000000 0.0000000 0.0107042 0.0000000 0.0072291 0.0050596 0.0153888 0.0000000 0.9105599 0.0085500 0.0028687 0.0044874 0.0103053 0.0000000
 41 Y  41 0.0000000 0.0078690 0.0032867 0.0000000 0.0610670 0.0000000 0.0000000 0.5561017 0.3367745 0.0016968 0.0016362 0.0050785 0.0083772 0.0044185 0.0062769 0.0000000 0.0015805 0.0000000 0.0058365 0.0000000
 42 E  42 0.0000000 0.0000000 0.0000000 0.0000000 0.0000000 0.0000000 0.0000000 0.0000000 0.0000000 0.0000000 0.0000000 0.0000000 0.0000000 0.0093110 0.9828331 0.0078559 0.0000000 0.0000000 0.0000000 0.0000000
 43 L  43 0.0169645 0.0032808 0.0133945 0.0184138 0.9428518 0.0050948 0.0000000 0.0000000 0.0000000 0.0000000 0.0000000 0.0000000 0.0000000 0.0000000 0.0000000 0.0000000 0.0000000 0.0000000 0.0000000 0.0000000
 44 L  44 0.0056812 0.0235655 0.0017711 0.0015836 0.1678383 0.0027161 0.0000000 0.0074728 0.0120615 0.0238323 0.0032381 0.1417047 0.0336656 0.0865861 0.3674916 0.1082766 0.0000000 0.0032097 0.0046210 0.0046845
 45 G  45 0.0043803 0.0000000 0.0000000 0.0000000 0.0020370 0.0000000 0.0000000 0.0000000 0.0081261 0.9571890 0.0000000 0.0113025 0.0028994 0.0018291 0.0078760 0.0022300 0.0000000 0.0021308 0.0000000 0.0000000
 46 K  46 0.0000000 0.0115745 0.0012957 0.0781119 0.0855559 0.0404328 0.0000000 0.0022307 0.0071400 0.0012316 0.0248022 0.0153089 0.0175048 0.0063900 0.1383215 0.0212178 0.0000000 0.0407425 0.5081393 0.0000000
 47 I  47 0.0000000 0.0000000 0.0096453 0.8683491 0.0269583 0.0903628 0.0000000 0.0000000 0.0000000 0.0000000 0.0046845 0.0000000 0.0000000 0.0000000 0.0000000 0.0000000 0.0000000 0.0000000 0.0000000 0.0000000
 48 K  48 0.0062917 0.0110833 0.0128619 0.0489820 0.0216316 0.0512038 0.0000000 0.0175550 0.0515763 0.0058474 0.1096465 0.0548459 0.0228347 0.0054111 0.2612733 0.0174710 0.0042425 0.0484708 0.2487713 0.0000000
 49 R  49 0.0000000 0.0000000 0.0023822 0.5865846 0.0079759 0.2571174 0.0000000 0.0000000 0.0000000 0.0000000 0.0032523 0.0064370 0.0000000 0.0034618 0.0000000 0.0000000 0.0000000 0.1327889 0.0000000 0.0000000
 50 I  50 0.0058768 0.0041072 0.0017044 0.1180290 0.0383266 0.0661768 0.0000000 0.0022381 0.0130320 0.0028248 0.0135378 0.0369657 0.0805909 0.0366750 0.2308386 0.0337690 0.0316384 0.0804681 0.2032006 0.0000000
 51 N  51 0.0000000 0.0027150 0.0023050 0.0000000 0.0022509 0.0000000 0.0000000 0.0021383 0.0122004 0.0887505 0.0000000 0.0176421 0.0124095 0.7261896 0.0149525 0.0817030 0.0185123 0.0119145 0.0063165 0.0000000
 52 H  52 0.0015706 0.0090654 0.0037225 0.0092296 0.0669095 0.0121923 0.0000000 0.0000000 0.0662748 0.6925753 0.0148669 0.0224688 0.0000000 0.0251977 0.0025180 0.0037946 0.0696142 0.0000000 0.0000000 0.0000000
 53 I  53 0.0061016 0.0111502 0.0319479 0.1955661 0.0797026 0.0471761 0.0032605 0.0409263 0.0045061 0.0026810 0.0234691 0.0277215 0.0102179 0.0197697 0.0033475 0.0000000 0.0121522 0.2648477 0.2154560 0.0000000
 54 V  54 0.0108617 0.0079139 0.0037938 0.3456690 0.0197251 0.6029090 0.0000000 0.0066039 0.0025236 0.0000000 0.0000000 0.0000000 0.0000000 0.0000000 0.0000000 0.0000000 0.0000000 0.0000000 0.0000000 0.0000000
 55 V  55 0.0076788 0.0141328 0.1147338 0.1165713 0.0399946 0.1686858 0.0020214 0.1205115 0.0161598 0.0034668 0.0292472 0.0417027 0.0110147 0.0173246 0.0255622 0.0000000 0.0050791 0.1628840 0.1032291 0.0000000
 56 L  56 0.0196022 0.0037240 0.0077458 0.1142204 0.3999449 0.2670440 0.0028810 0.0221681 0.0325596 0.0000000 0.0272377 0.0222608 0.0000000 0.0000000 0.0000000 0.0000000 0.0000000 0.0228098 0.0000000 0.0578016
 57 A  57 0.0406047 0.0059206 0.0035464 0.1570859 0.2610929 0.1809347 0.0000000 0.0000000 0.1626087 0.0000000 0.0328618 0.0357349 0.0355336 0.0070908 0.0022185 0.0000000 0.0000000 0.0033579 0.0689125 0.0024961
 58 H  58 0.0000000 0.0000000 0.0000000 0.0000000 0.0000000 0.0000000 0.0000000 0.0000000 0.0000000 0.0000000 0.0000000 0.0000000 0.0000000 0.0000000 0.0000000 0.0000000 1.0000000 0.0000000 0.0000000 0.0000000
 59 H  59 0.0000000 0.0000000 0.0000000 0.0000000 0.0000000 0.0000000 0.0000000 0.0000000 0.0000000 0.0000000 0.0000000 0.0000000 0.0000000 0.0000000 0.0000000 0.0000000 1.0000000 0.0000000 0.0000000 0.0000000
